177
312
Vertices
  -1.0000000000000000e+00   1.0000000000000000e+00
   1.0000000000000000e+00   1.0000000000000000e+00
   1.0000000000000000e+00  -1.0000000000000000e+00
  -1.0000000000000000e+00  -1.0000000000000000e+00
  -8.0000000000000004e-01   1.0000000000000000e+00
  -5.9999999999999998e-01   1.0000000000000000e+00
  -4.0000000000000002e-01   1.0000000000000000e+00
  -1.9999999999999996e-01   1.0000000000000000e+00
   0.0000000000000000e+00   1.0000000000000000e+00
   1.9999999999999996e-01   1.0000000000000000e+00
   3.9999999999999991e-01   1.0000000000000000e+00
   6.0000000000000009e-01   1.0000000000000000e+00
   8.0000000000000004e-01   1.0000000000000000e+00
   1.0000000000000000e+00   8.0000000000000004e-01
   1.0000000000000000e+00   5.9999999999999998e-01
   1.0000000000000000e+00   4.0000000000000002e-01
   1.0000000000000000e+00   1.9999999999999996e-01
   1.0000000000000000e+00   0.0000000000000000e+00
   1.0000000000000000e+00  -1.9999999999999996e-01
   1.0000000000000000e+00  -3.9999999999999991e-01
   1.0000000000000000e+00  -6.0000000000000009e-01
   1.0000000000000000e+00  -8.0000000000000004e-01
   8.0000000000000004e-01  -1.0000000000000000e+00
   5.9999999999999998e-01  -1.0000000000000000e+00
   4.0000000000000002e-01  -1.0000000000000000e+00
   1.9999999999999996e-01  -1.0000000000000000e+00
   0.0000000000000000e+00  -1.0000000000000000e+00
  -1.9999999999999996e-01  -1.0000000000000000e+00
  -3.9999999999999991e-01  -1.0000000000000000e+00
  -6.0000000000000009e-01  -1.0000000000000000e+00
  -8.0000000000000004e-01  -1.0000000000000000e+00
  -1.0000000000000000e+00  -8.0000000000000004e-01
  -1.0000000000000000e+00  -5.9999999999999998e-01
  -1.0000000000000000e+00  -4.0000000000000002e-01
  -1.0000000000000000e+00  -1.9999999999999996e-01
  -1.0000000000000000e+00   0.0000000000000000e+00
  -1.0000000000000000e+00   1.9999999999999996e-01
  -1.0000000000000000e+00   3.9999999999999991e-01
  -1.0000000000000000e+00   6.0000000000000009e-01
  -1.0000000000000000e+00   8.0000000000000004e-01
  -1.4523218718781849e-02   2.5949345176865462e-02
  -9.1317960082254079e-01  -9.0397879689810468e-01
   9.0354313165063838e-01  -9.1318385755947085e-01
   9.1324543776378275e-01   9.0390865525953212e-01
  -8.7097986421716200e-01   8.7409062378175639e-01
  -4.3577585652904466e-01   4.0258088314560753e-01
  -4.4256229481138026e-01  -3.0475784338953027e-01
   2.6192864145560146e-01  -4.8805595789445216e-01
   4.6400536453593927e-01   2.6020301061637063e-01
  -6.8938314891200536e-01  -8.2566906122773764e-01
   8.2275759842398155e-01  -6.8893005986919620e-01
   6.9086361247209993e-01   8.2742656652902491e-01
   4.6841962005235716e-02   5.2397895434331909e-01
   3.8622014601354110e-01  -6.9148321545792424e-02
  -4.6892314462894290e-02  -3.7201189317891958e-01
  -6.1791371769781323e-01   7.9971000861776956e-02
   6.4778393310558946e-01  -3.6572742879582848e-01
  -3.6895216439501105e-01  -6.4605117892454089e-01
  -6.2966602532468685e-01   6.5948189425000525e-01
   4.7821414079765862e-01  -6.9558547622367473e-01
   6.8708241872027764e-01   4.8739317587832393e-01
  -6.9508488375355248e-01  -4.9592699759502218e-01
   5.0055755724975393e-01   8.3482156047938316e-01
  -4.0068181740209416e-02  -6.7007462624904957e-01
   6.7106011755579897e-01  -4.2523864499857407e-02
  -2.5184093439381178e-01   6.5073582839653998e-01
  -3.1159131429582482e-01   1.0932434454667728e-01
  -6.9878427730262238e-01   3.7455055844625385e-01
  -7.2910505455253538e-01  -2.0082255462107421e-01
   1.4940091677404302e-01  -2.0030269750832561e-01
   1.6745355642228829e-01   2.6315568322647342e-01
   2.4321543855655711e-01   6.9693580199567629e-01
   8.0187602005896530e-01   3.0658624127560546e-01
   3.0415666992097951e-01  -8.0648655334567410e-01
  -3.0898552422019571e-01  -4.3419139669020657e-01
   4.6789264667710601e-01  -3.0097292924737612e-01
   5.9096302223516362e-01   6.6054952194504202e-01
  -8.3890909443271688e-01   7.1716559753630360e-01
  -8.0038115269548682e-01  -6.5820508140385225e-01
   7.9942619340382570e-01   6.5617408771184582e-01
   6.5153172354428346e-01  -8.0030414515287174e-01
  -4.9118195015003629e-01  -8.2745013350007734e-01
   8.2596126692820648e-01  -4.9010206414712121e-01
  -2.4166027750002592e-01  -1.7251396957746734e-01
  -9.9979235616546883e-02   2.9750658388757956e-01
   2.9046632350990975e-01   4.7822759592798258e-01
  -1.7465854592664712e-02   8.0189892730203161e-01
   6.2959120823700687e-01   1.5005913209661825e-01
   1.5193203640930278e-01  -6.3646036581593357e-01
  -4.2147652211146891e-01   7.6529746608585036e-01
  -7.7764542096346589e-01   1.9171347405297845e-01
   8.3955313740918569e-01  -2.9464429801988762e-01
  -2.9515505448433282e-01  -8.3920273422697766e-01
  -5.3618338247891228e-01  -1.2506736485586256e-01
  -4.6779245852167811e-01   2.1993742789034640e-01
   1.6289910777452257e-01   7.8293026775142854e-02
  -5.9199281859321584e-01  -6.5447050030577636e-01
   6.4652657215813769e-01  -5.8923725483029998e-01
  -8.1542002432126004e-01   5.1426533914658890e-01
  -7.1575906989351523e-01   8.5178344751253821e-01
  -7.9612272438922715e-01  -3.6188642504546481e-01
  -5.7374266664182816e-01   4.7879200060125510e-01
  -8.4955062741000076e-01  -8.5716120441396870e-02
   5.8153874976683473e-01  -1.9035347067833472e-01
  -1.8869977981653149e-01  -5.7208927335951609e-01
  -1.0883677483995573e-01  -8.4263117846308944e-01
   8.4283073888978821e-01  -1.0916219308754538e-01
   3.1474686728105311e-01   8.4165011311801552e-01
  -6.1761590355530216e-01  -3.2670910304294026e-01
   8.5817245244666096e-01   4.8968744510771139e-01
   4.8661067698729238e-01  -8.6081566272955623e-01
   3.2173694867363217e-01  -2.1840480518193578e-01
  -8.5293047157338109e-01  -8.1708481417536927e-01
   8.5311186501053859e-01   8.1689479082676009e-01
   8.1524690792055476e-01  -8.5296203304417728e-01
  -1.3153890637860427e-01   4.6800550627066922e-01
   8.4244827839746197e-02  -8.2665665100923935e-01
   8.2500073086643255e-01   8.4063681218594699e-02
  -4.3718908659288389e-02  -1.7945627972879996e-01
   4.5794106694815856e-01   7.4681360252563028e-02
   8.9369079319826294e-02  -4.6347887642620794e-01
   4.5972591757523057e-01   4.7881713214676069e-01
  -4.3644899310828683e-01   5.7473989872263365e-01
   4.5348414743351739e-01  -4.9045521920714069e-01
  -5.0462686709614124e-01  -4.7649414629497505e-01
   4.0477843520403933e-01   6.8191064051912198e-01
   6.0924841659561824e-01   3.3670056423588529e-01
  -2.5637113953758744e-01   8.4443613219590274e-01
  -3.5042797711387497e-01  -5.6879871095358470e-02
  -2.7056205127233418e-01   3.0575901151755580e-01
   1.7262149306036787e-02   1.9644885264796227e-01
  -1.8366646120058139e-01  -1.9698117598033641e-02
  -6.2461641164470671e-01   2.4266557837141617e-01
  -1.2317192713280423e-01   8.8240722944965067e-01
   5.2185588717508380e-01  -6.1327165202662064e-02
  -5.1957297200021367e-02  -5.1666803861457145e-01
  -8.5861256993011426e-01  -5.0258217981570263e-01
  -8.5863819254652751e-01   3.3628375846288433e-01
   1.3857608004701863e-01   8.3644486357009151e-01
  -7.6465698737366061e-01   3.9164942329805781e-02
   3.1115973997805274e-01   3.4668263391433890e-01
   1.7250806334720123e-01   4.2293010462121122e-01
  -3.1111533158028049e-01  -2.8173204253646622e-01
   9.9595413122780085e-02  -7.1105607971888501e-02
   8.9372871590633438e-02   6.7855406505581939e-01
  -8.7843068706250393e-01   6.8793754836870252e-02
  -5.5355722723227807e-01   8.5599352174284016e-01
   7.1741969411603113e-01  -2.0107698377893932e-01
  -2.0101251437965920e-01  -7.1508534964687154e-01
  -8.7514724985937808e-01  -2.4951787931640018e-01
  -9.1334918255763231e-01  -7.1824277938498982e-01
   9.1325715607277613e-01   7.1766207885241950e-01
   7.1626297152955620e-01  -9.1344013879935382e-01
  -6.7998691843914050e-01   5.0788265334241589e-01
   3.4247051842933235e-01  -3.6842631153743760e-01
   3.2991065048364954e-01  -6.2394347200770750e-01
  -6.7776328012488882e-02   6.4850797299178398e-01
  -1.4324473026034482e-01   1.5312684048721037e-01
  -5.6024027036145119e-01   3.4484406218054248e-01
   3.1335920586781202e-01   1.7624048747365531e-01
  -3.0519682788585517e-01   4.8194151099642346e-01
  -4.5654129746784244e-01   4.6257437851544243e-02
  -1.8524101081759448e-01  -3.1427012602431087e-01
   7.0683992752527569e-02  -3.1228773549397082e-01
  -3.7648990422802131e-01  -1.8738327514608760e-01
   2.8517127035904366e-02   3.6215762264883677e-01
  -6.9951916687429949e-01  -5.8414543337607337e-02
   2.3967904123433606e-01  -7.4798877828217356e-02
   1.9314294325532091e-01   5.6363203680966512e-01
   3.1822153532186565e-01   5.7999656004628153e-01
   2.0604100269469963e-01  -3.4203524088536902e-01
   4.5665166832226589e-01  -1.6844783327686325e-01
  -1.5699111118462947e-01  -4.4249779288271390e-01
   5.7141704960472950e-01   3.0140472637374002e-02
   3.6547876426756734e-02  -5.7281221203973964e-01
  -1.4310781983292953e-01   7.6581763424870875e-01
   3.1282961868665465e-01   3.6146435901770801e-02
Triangles
5 1 45
6 5 100
7 6 147
8 7 128
9 8 134
10 9 139
11 10 108
12 11 63
14 2 44
13 12 52
2 13 44
44 13 114
15 14 152
16 15 110
17 16 73
19 18 107
20 19 92
21 20 83
23 3 43
22 21 51
3 22 43
43 22 115
24 23 153
25 24 111
26 25 74
28 27 106
29 28 93
30 29 82
32 4 42
31 30 50
4 31 42
42 31 113
33 32 151
34 33 137
35 34 150
51 21 83
37 36 146
38 37 138
108 10 139
39 38 99
36 35 103
99 38 138
27 26 117
93 28 106
18 17 118
92 19 107
90 7 147
1 40 45
40 39 78
45 40 78
50 30 82
96 41 144
52 12 63
119 41 132
132 41 158
102 46 123
91 37 146
75 47 125
74 25 111
121 48 171
73 16 110
63 11 108
87 9 134
88 49 120
94 47 165
83 20 92
82 29 93
89 48 121
143 84 165
101 62 109
112 70 171
122 49 127
97 58 125
98 57 124
5 45 100
123 46 161
81 24 153
81 51 98
120 49 160
80 15 152
79 33 151
79 50 97
116 53 157
142 53 166
124 48 156
121 55 136
73 61 127
120 54 135
145 53 169
95 46 159
131 71 166
91 56 133
94 56 167
90 59 123
95 56 162
101 34 137
74 60 156
129 84 132
135 54 172
128 66 176
14 44 114
116 85 166
80 61 110
168 54 177
81 60 111
119 55 164
109 62 125
75 58 105
76 57 104
112 54 168
52 63 77
77 63 126
78 39 99
102 59 154
32 42 113
82 58 97
77 61 80
52 77 80
23 43 115
83 57 98
105 58 149
94 69 109
104 57 148
89 74 156
136 55 173
143 75 163
95 67 130
96 71 131
88 73 127
108 72 126
90 66 128
126 72 170
104 65 135
107 18 118
105 64 136
106 27 117
78 59 100
116 66 161
102 68 159
103 35 150
88 65 118
57 83 92
89 64 117
58 82 93
103 69 167
130 67 158
47 75 143
66 90 123
119 70 144
122 86 141
62 79 97
50 82 97
60 81 98
51 83 98
91 68 138
59 78 99
45 78 100
100 59 147
47 94 109
79 62 137
68 91 133
99 68 154
56 91 140
101 69 150
112 76 172
107 65 148
163 75 173
106 64 149
26 74 117
58 93 149
17 73 118
57 92 148
122 77 126
142 86 169
58 75 125
69 101 109
61 73 110
15 80 110
60 74 111
24 81 111
124 76 155
144 70 168
31 50 113
50 79 113
13 52 114
52 80 114
22 51 115
51 81 115
131 85 158
145 87 157
74 89 117
64 106 117
73 88 118
65 107 118
155 112 171
84 119 132
135 65 174
141 71 160
76 112 155
136 64 175
61 77 122
169 86 170
59 102 123
130 116 161
57 76 124
60 98 124
62 97 125
47 109 125
63 108 126
86 122 170
49 88 127
61 122 127
157 87 176
7 90 128
129 67 162
56 94 162
46 95 130
85 116 130
53 116 166
41 96 131
67 129 132
85 130 158
56 95 133
133 95 159
66 116 157
8 128 134
76 104 172
65 88 174
75 105 173
64 89 175
33 79 137
62 101 137
37 91 138
68 99 138
9 87 139
72 108 139
69 94 167
140 91 146
71 96 160
49 122 141
141 86 142
71 141 142
119 84 163
129 94 165
160 96 177
41 119 144
139 87 145
72 139 145
36 103 146
103 140 146
59 90 147
6 100 147
65 104 148
92 107 148
64 105 149
93 106 149
34 101 150
69 103 150
113 79 151
32 113 151
114 80 152
14 114 152
115 81 153
23 115 153
59 99 154
68 102 154
164 121 171
48 124 155
48 89 156
60 124 156
134 128 176
53 145 157
41 131 158
67 132 158
46 102 159
68 133 159
54 120 177
49 141 160
66 123 161
46 130 161
67 95 162
94 129 162
55 119 163
84 143 163
70 119 164
55 121 164
84 129 165
47 143 165
85 131 166
71 142 166
140 103 167
56 140 167
70 112 168
96 144 168
53 142 169
72 145 169
122 126 170
72 169 170
48 155 171
70 164 171
54 112 172
104 135 172
105 136 173
55 163 173
88 120 174
120 135 174
89 121 175
121 136 175
87 134 176
66 157 176
120 160 177
96 168 177
EndTriangles
