665
1248
Vertices
  -1.0000000000000000e+00   1.0000000000000000e+00
   1.0000000000000000e+00   1.0000000000000000e+00
   1.0000000000000000e+00  -1.0000000000000000e+00
  -1.0000000000000000e+00  -1.0000000000000000e+00
  -8.0000000000000004e-01   1.0000000000000000e+00
  -5.9999999999999998e-01   1.0000000000000000e+00
  -4.0000000000000002e-01   1.0000000000000000e+00
  -1.9999999999999996e-01   1.0000000000000000e+00
   0.0000000000000000e+00   1.0000000000000000e+00
   1.9999999999999996e-01   1.0000000000000000e+00
   3.9999999999999991e-01   1.0000000000000000e+00
   6.0000000000000009e-01   1.0000000000000000e+00
   8.0000000000000004e-01   1.0000000000000000e+00
   1.0000000000000000e+00   8.0000000000000004e-01
   1.0000000000000000e+00   5.9999999999999998e-01
   1.0000000000000000e+00   4.0000000000000002e-01
   1.0000000000000000e+00   1.9999999999999996e-01
   1.0000000000000000e+00   0.0000000000000000e+00
   1.0000000000000000e+00  -1.9999999999999996e-01
   1.0000000000000000e+00  -3.9999999999999991e-01
   1.0000000000000000e+00  -6.0000000000000009e-01
   1.0000000000000000e+00  -8.0000000000000004e-01
   8.0000000000000004e-01  -1.0000000000000000e+00
   5.9999999999999998e-01  -1.0000000000000000e+00
   4.0000000000000002e-01  -1.0000000000000000e+00
   1.9999999999999996e-01  -1.0000000000000000e+00
   0.0000000000000000e+00  -1.0000000000000000e+00
  -1.9999999999999996e-01  -1.0000000000000000e+00
  -3.9999999999999991e-01  -1.0000000000000000e+00
  -6.0000000000000009e-01  -1.0000000000000000e+00
  -8.0000000000000004e-01  -1.0000000000000000e+00
  -1.0000000000000000e+00  -8.0000000000000004e-01
  -1.0000000000000000e+00  -5.9999999999999998e-01
  -1.0000000000000000e+00  -4.0000000000000002e-01
  -1.0000000000000000e+00  -1.9999999999999996e-01
  -1.0000000000000000e+00   0.0000000000000000e+00
  -1.0000000000000000e+00   1.9999999999999996e-01
  -1.0000000000000000e+00   3.9999999999999991e-01
  -1.0000000000000000e+00   6.0000000000000009e-01
  -1.0000000000000000e+00   8.0000000000000004e-01
  -1.4523218718781849e-02   2.5949345176865462e-02
  -9.1317960082254079e-01  -9.0397879689810468e-01
   9.0354313165063838e-01  -9.1318385755947085e-01
   9.1324543776378275e-01   9.0390865525953212e-01
  -8.7097986421716200e-01   8.7409062378175639e-01
  -4.3577585652904466e-01   4.0258088314560753e-01
  -4.4256229481138026e-01  -3.0475784338953027e-01
   2.6192864145560146e-01  -4.8805595789445216e-01
   4.6400536453593927e-01   2.6020301061637063e-01
  -6.8938314891200536e-01  -8.2566906122773764e-01
   8.2275759842398155e-01  -6.8893005986919620e-01
   6.9086361247209993e-01   8.2742656652902491e-01
   4.6841962005235716e-02   5.2397895434331909e-01
   3.8622014601354110e-01  -6.9148321545792424e-02
  -4.6892314462894290e-02  -3.7201189317891958e-01
  -6.1791371769781323e-01   7.9971000861776956e-02
   6.4778393310558946e-01  -3.6572742879582848e-01
  -3.6895216439501105e-01  -6.4605117892454089e-01
  -6.2966602532468685e-01   6.5948189425000525e-01
   4.7821414079765862e-01  -6.9558547622367473e-01
   6.8708241872027764e-01   4.8739317587832393e-01
  -6.9508488375355248e-01  -4.9592699759502218e-01
   5.0055755724975393e-01   8.3482156047938316e-01
  -4.0068181740209416e-02  -6.7007462624904957e-01
   6.7106011755579897e-01  -4.2523864499857407e-02
  -2.5184093439381178e-01   6.5073582839653998e-01
  -3.1159131429582482e-01   1.0932434454667728e-01
  -6.9878427730262238e-01   3.7455055844625385e-01
  -7.2910505455253538e-01  -2.0082255462107421e-01
   1.4940091677404302e-01  -2.0030269750832561e-01
   1.6745355642228829e-01   2.6315568322647342e-01
   2.4321543855655711e-01   6.9693580199567629e-01
   8.0187602005896530e-01   3.0658624127560546e-01
   3.0415666992097951e-01  -8.0648655334567410e-01
  -3.0898552422019571e-01  -4.3419139669020657e-01
   4.6789264667710601e-01  -3.0097292924737612e-01
   5.9096302223516362e-01   6.6054952194504202e-01
  -8.3890909443271688e-01   7.1716559753630360e-01
  -8.0038115269548682e-01  -6.5820508140385225e-01
   7.9942619340382570e-01   6.5617408771184582e-01
   6.5153172354428346e-01  -8.0030414515287174e-01
  -4.9118195015003629e-01  -8.2745013350007734e-01
   8.2596126692820648e-01  -4.9010206414712121e-01
  -2.4166027750002592e-01  -1.7251396957746734e-01
  -9.9979235616546883e-02   2.9750658388757956e-01
   2.9046632350990975e-01   4.7822759592798258e-01
  -1.7465854592664712e-02   8.0189892730203161e-01
   6.2959120823700687e-01   1.5005913209661825e-01
   1.5193203640930278e-01  -6.3646036581593357e-01
  -4.2147652211146891e-01   7.6529746608585036e-01
  -7.7764542096346589e-01   1.9171347405297845e-01
   8.3955313740918569e-01  -2.9464429801988762e-01
  -2.9515505448433282e-01  -8.3920273422697766e-01
  -5.3618338247891228e-01  -1.2506736485586256e-01
  -4.6779245852167811e-01   2.1993742789034640e-01
   1.6289910777452257e-01   7.8293026775142854e-02
  -5.9199281859321584e-01  -6.5447050030577636e-01
   6.4652657215813769e-01  -5.8923725483029998e-01
  -8.1542002432126004e-01   5.1426533914658890e-01
  -7.1575906989351523e-01   8.5178344751253821e-01
  -7.9612272438922715e-01  -3.6188642504546481e-01
  -5.7374266664182816e-01   4.7879200060125510e-01
  -8.4955062741000076e-01  -8.5716120441396870e-02
   5.8153874976683473e-01  -1.9035347067833472e-01
  -1.8869977981653149e-01  -5.7208927335951609e-01
  -1.0883677483995573e-01  -8.4263117846308944e-01
   8.4283073888978821e-01  -1.0916219308754538e-01
   3.1474686728105311e-01   8.4165011311801552e-01
  -6.1761590355530216e-01  -3.2670910304294026e-01
   8.5817245244666096e-01   4.8968744510771139e-01
   4.8661067698729238e-01  -8.6081566272955623e-01
   3.2173694867363217e-01  -2.1840480518193578e-01
  -8.5293047157338109e-01  -8.1708481417536927e-01
   8.5311186501053859e-01   8.1689479082676009e-01
   8.1524690792055476e-01  -8.5296203304417728e-01
  -1.3153890637860427e-01   4.6800550627066922e-01
   8.4244827839746197e-02  -8.2665665100923935e-01
   8.2500073086643255e-01   8.4063681218594699e-02
  -4.3718908659288389e-02  -1.7945627972879996e-01
   4.5794106694815856e-01   7.4681360252563028e-02
   8.9369079319826294e-02  -4.6347887642620794e-01
   4.5972591757523057e-01   4.7881713214676069e-01
  -4.3644899310828683e-01   5.7473989872263365e-01
   4.5348414743351739e-01  -4.9045521920714069e-01
  -5.0462686709614124e-01  -4.7649414629497505e-01
   4.0477843520403933e-01   6.8191064051912198e-01
   6.0924841659561824e-01   3.3670056423588529e-01
  -2.5637113953758744e-01   8.4443613219590274e-01
  -3.5042797711387497e-01  -5.6879871095358470e-02
  -2.7056205127233418e-01   3.0575901151755580e-01
   1.7262149306036787e-02   1.9644885264796227e-01
  -1.8366646120058139e-01  -1.9698117598033641e-02
  -6.2461641164470671e-01   2.4266557837141617e-01
  -1.2317192713280423e-01   8.8240722944965067e-01
   5.2185588717508380e-01  -6.1327165202662064e-02
  -5.1957297200021367e-02  -5.1666803861457145e-01
  -8.5861256993011426e-01  -5.0258217981570263e-01
  -8.5863819254652751e-01   3.3628375846288433e-01
   1.3857608004701863e-01   8.3644486357009151e-01
  -7.6465698737366061e-01   3.9164942329805781e-02
   3.1115973997805274e-01   3.4668263391433890e-01
   1.7250806334720123e-01   4.2293010462121122e-01
  -3.1111533158028049e-01  -2.8173204253646622e-01
   9.9595413122780085e-02  -7.1105607971888501e-02
   8.9372871590633438e-02   6.7855406505581939e-01
  -8.7843068706250393e-01   6.8793754836870252e-02
  -5.5355722723227807e-01   8.5599352174284016e-01
   7.1741969411603113e-01  -2.0107698377893932e-01
  -2.0101251437965920e-01  -7.1508534964687154e-01
  -8.7514724985937808e-01  -2.4951787931640018e-01
  -9.1334918255763231e-01  -7.1824277938498982e-01
   9.1325715607277613e-01   7.1766207885241950e-01
   7.1626297152955620e-01  -9.1344013879935382e-01
  -6.7998691843914050e-01   5.0788265334241589e-01
   3.4247051842933235e-01  -3.6842631153743760e-01
   3.2991065048364954e-01  -6.2394347200770750e-01
  -6.7776328012488882e-02   6.4850797299178398e-01
  -1.4324473026034482e-01   1.5312684048721037e-01
  -5.6024027036145119e-01   3.4484406218054248e-01
   3.1335920586781202e-01   1.7624048747365531e-01
  -3.0519682788585517e-01   4.8194151099642346e-01
  -4.5654129746784244e-01   4.6257437851544243e-02
  -1.8524101081759448e-01  -3.1427012602431087e-01
   7.0683992752527569e-02  -3.1228773549397082e-01
  -3.7648990422802131e-01  -1.8738327514608760e-01
   2.8517127035904366e-02   3.6215762264883677e-01
  -6.9951916687429949e-01  -5.8414543337607337e-02
   2.3967904123433606e-01  -7.4798877828217356e-02
   1.9314294325532091e-01   5.6363203680966512e-01
   3.1822153532186565e-01   5.7999656004628153e-01
   2.0604100269469963e-01  -3.4203524088536902e-01
   4.5665166832226589e-01  -1.6844783327686325e-01
  -1.5699111118462947e-01  -4.4249779288271390e-01
   5.7141704960472950e-01   3.0140472637374002e-02
   3.6547876426756734e-02  -5.7281221203973964e-01
  -1.4310781983292953e-01   7.6581763424870875e-01
   3.1282961868665465e-01   3.6146435901770801e-02
  -9.0000000000000002e-01   1.0000000000000000e+00
  -6.9999999999999996e-01   1.0000000000000000e+00
  -5.0000000000000000e-01   1.0000000000000000e+00
  -3.0000000000000004e-01   1.0000000000000000e+00
  -9.9999999999999978e-02   1.0000000000000000e+00
   1.0000000000000009e-01   1.0000000000000000e+00
   2.9999999999999982e-01   1.0000000000000000e+00
   5.0000000000000000e-01   1.0000000000000000e+00
   7.0000000000000018e-01   1.0000000000000000e+00
   8.9999999999999991e-01   1.0000000000000000e+00
   1.0000000000000000e+00   9.0000000000000002e-01
   1.0000000000000000e+00   6.9999999999999996e-01
   1.0000000000000000e+00   5.0000000000000000e-01
   1.0000000000000000e+00   3.0000000000000004e-01
   1.0000000000000000e+00   9.9999999999999978e-02
   1.0000000000000000e+00  -1.0000000000000009e-01
   1.0000000000000000e+00  -2.9999999999999982e-01
   1.0000000000000000e+00  -5.0000000000000000e-01
   1.0000000000000000e+00  -7.0000000000000018e-01
   1.0000000000000000e+00  -8.9999999999999991e-01
   9.0000000000000002e-01  -1.0000000000000000e+00
   6.9999999999999996e-01  -1.0000000000000000e+00
   5.0000000000000000e-01  -1.0000000000000000e+00
   3.0000000000000004e-01  -1.0000000000000000e+00
   9.9999999999999978e-02  -1.0000000000000000e+00
  -1.0000000000000009e-01  -1.0000000000000000e+00
  -2.9999999999999982e-01  -1.0000000000000000e+00
  -5.0000000000000000e-01  -1.0000000000000000e+00
  -7.0000000000000018e-01  -1.0000000000000000e+00
  -8.9999999999999991e-01  -1.0000000000000000e+00
  -1.0000000000000000e+00  -9.0000000000000002e-01
  -1.0000000000000000e+00  -6.9999999999999996e-01
  -1.0000000000000000e+00  -5.0000000000000000e-01
  -1.0000000000000000e+00  -3.0000000000000004e-01
  -1.0000000000000000e+00  -9.9999999999999978e-02
  -1.0000000000000000e+00   1.0000000000000009e-01
  -1.0000000000000000e+00   2.9999999999999982e-01
  -1.0000000000000000e+00   5.0000000000000000e-01
  -1.0000000000000000e+00   7.0000000000000018e-01
  -1.0000000000000000e+00   8.9999999999999991e-01
  -9.5658980041127040e-01  -9.5198939844905239e-01
  -8.5658980041127042e-01  -9.5198939844905239e-01
  -9.5658980041127040e-01  -8.5198939844905230e-01
   9.5177156582531919e-01  -9.5659192877973542e-01
   9.5177156582531919e-01  -8.5659192877973545e-01
   8.5177156582531921e-01  -9.5659192877973542e-01
   9.5662271888189143e-01   9.5195432762976606e-01
   8.5662271888189134e-01   9.5195432762976606e-01
   9.5662271888189143e-01   8.5195432762976608e-01
  -9.3548993210858100e-01   9.3704531189087814e-01
  -8.3548993210858102e-01   9.3704531189087814e-01
  -9.3548993210858100e-01   8.3704531189087827e-01
  -6.4469157445600267e-01  -9.1283453061386877e-01
  -7.4469157445600276e-01  -9.1283453061386877e-01
   9.1137879921199083e-01  -6.4446502993459820e-01
   9.1137879921199083e-01  -7.4446502993459807e-01
   6.4543180623605001e-01   9.1371328326451251e-01
   7.4543180623604999e-01   9.1371328326451251e-01
   4.5027877862487692e-01   9.1741078023969158e-01
   5.5027877862487706e-01   9.1741078023969158e-01
   5.9571058486092698e-01   8.3112406350420409e-01
   9.0093801002948259e-01   3.5329312063780272e-01
   9.0093801002948259e-01   2.5329312063780274e-01
   7.4447921938962147e-01   3.9698970857696469e-01
   3.5207833496048979e-01  -9.0324327667283710e-01
   2.5207833496048970e-01  -9.0324327667283710e-01
   3.9118540535931906e-01  -7.5103601478467441e-01
  -3.7577390951578798e-01  -3.6947462003986842e-01
  -3.3896884430760338e-01  -5.4012128780737378e-01
   5.5783828989134776e-01  -3.3335017902160230e-01
   6.4091331735363177e-01   7.4398804423703346e-01
   6.3902272047772057e-01   5.7397134891168300e-01
   5.4576028974245872e-01   7.4768554121221253e-01
  -9.1945454721635844e-01   6.5858279876815184e-01
  -9.1945454721635844e-01   7.5858279876815182e-01
  -8.5494447932493944e-01   7.9562811065902994e-01
  -7.3428755987870187e-01   6.8832374589315437e-01
  -9.0019057634774335e-01  -6.2910254070192617e-01
  -7.4488215080374609e-01  -7.4193707131579489e-01
  -7.4773301822451965e-01  -5.7706603949943724e-01
   8.9971309670191291e-01   6.2808704385592296e-01
   7.4514490293796287e-01   7.4180032712043542e-01
   7.4325430606205167e-01   5.7178363179508485e-01
   6.9519460781949460e-01   6.5836180482844386e-01
   6.2576586177214177e-01  -9.0015207257643581e-01
   7.3714466098413256e-01  -7.4461710251103397e-01
   5.6487293217097101e-01  -7.4794481068827323e-01
  -4.4559097507501810e-01  -9.1372506675003873e-01
  -5.4559097507501819e-01  -9.1372506675003873e-01
  -5.9028254953102088e-01  -8.2655959736390749e-01
  -4.3006705727252370e-01  -7.3675065621230917e-01
   9.1298063346410330e-01  -4.4505103207356056e-01
   9.1298063346410330e-01  -5.4505103207356065e-01
   8.2435943267609402e-01  -5.8951606200815876e-01
   7.3687260001689792e-01  -4.2791474647147487e-01
  -8.7329272963323559e-03   9.0094946365101580e-01
   5.4679828638647310e-01   2.0513107135649444e-01
   6.5032566289640292e-01   5.3767633798380426e-02
   7.1573361414798609e-01   2.2832268668611186e-01
   2.0693033893245211e-01  -5.6225816185519284e-01
   5.5931927334546681e-02  -6.5326749603249157e-01
   2.2804435316514116e-01  -7.2147345958080389e-01
  -4.1073826105573447e-01   8.8264873304292513e-01
  -5.2557127371807788e-01   7.1238968016792781e-01
  -3.3665872825264032e-01   7.0801664724119517e-01
  -8.8882271048173300e-01   1.9585673702648920e-01
  -6.9777956933063956e-01   1.3584223745737770e-01
  -7.3821484913304414e-01   2.8313201624961615e-01
   9.1977656870459290e-01  -2.4732214900994379e-01
   9.1977656870459290e-01  -3.4732214900994374e-01
   7.4366853525738752e-01  -3.3018586340785805e-01
   8.3275720216869609e-01  -3.9237318108350439e-01
  -2.4757752724216639e-01  -9.1960136711348883e-01
  -3.4757752724216640e-01  -9.1960136711348883e-01
  -3.3205360943967194e-01  -7.4262695657575928e-01
  -3.9316850231718459e-01  -8.3332643386352756e-01
  -4.8937283864514625e-01  -2.1491260412269642e-01
  -5.7704855008836275e-01  -2.2548181997042803e-02
  -6.3264421851572383e-01  -1.6294495973846840e-01
  -4.5178415752536139e-01   3.1125915551797695e-01
  -5.4285308810974564e-01   1.4995421437606168e-01
  -3.8969188640875146e-01   1.6463088621851185e-01
   7.4187944527870364e-02   5.2121185976004160e-02
   1.6517633209840543e-01   1.7072435500080813e-01
  -6.4068798375261060e-01  -7.4006978076675700e-01
  -4.8047249149411342e-01  -6.5026083961515857e-01
  -6.4353885117338416e-01  -5.7519874895039924e-01
  -6.9618698564435133e-01  -6.5633779085481425e-01
  -5.4158738437162612e-01  -7.4096031690292685e-01
   7.3464208529105957e-01  -6.3908365734974804e-01
   6.4715525263186358e-01  -4.7748234181306426e-01
   5.6237035647789813e-01  -6.4241136552698741e-01
   6.4902914785121057e-01  -6.9477069999158592e-01
   7.3624391954317203e-01  -5.3966965948871060e-01
  -9.0771001216063008e-01   4.5713266957329440e-01
  -9.0771001216063008e-01   5.5713266957329455e-01
  -7.2254302482297339e-01   5.8687361669829707e-01
  -7.5710215081194121e-01   4.4440794879642137e-01
  -8.2716455937698852e-01   6.1571546834144630e-01
  -7.5787953494675764e-01   9.2589172375626916e-01
  -6.5787953494675766e-01   9.2589172375626916e-01
  -7.9336946705533862e-01   8.6293703564714730e-01
  -6.7271254760910104e-01   7.5563267088127173e-01
  -7.7733408216311606e-01   7.8447452252442096e-01
  -8.9806136219461363e-01  -3.8094321252273244e-01
  -7.4560380407138982e-01  -4.2890671132024349e-01
  -7.6261388947088127e-01  -2.8135448983326949e-01
  -5.0475926158543638e-01   4.4068644187343131e-01
  -6.0170434598325750e-01   5.6913694742563015e-01
  -6.3626347197222533e-01   4.2667127952375450e-01
  -9.2477531370500032e-01  -1.4285806022069841e-01
  -9.2477531370500032e-01  -4.2858060220698435e-02
  -7.8932784098126807e-01  -1.4326933753123555e-01
   6.1466134143621209e-01  -2.7804044973708159e-01
   6.2629943366131680e-01  -1.1643866758909606e-01
   5.2471569822197039e-01  -2.4566319996285541e-01
  -2.7882597210577126e-01  -6.0907022614202844e-01
  -1.1438398077837045e-01  -6.2108194980428277e-01
  -2.4884265201836359e-01  -5.0314033502486133e-01
  -5.4418387419977864e-02  -9.2131558923154477e-01
  -1.5441838741997785e-01  -9.2131558923154477e-01
  -7.4452478290082572e-02  -7.5635290235606956e-01
  -2.0199591466214428e-01  -8.4091695634503361e-01
   9.2141536944489411e-01  -5.4581096543772689e-02
   9.2141536944489411e-01  -1.5458109654377267e-01
   7.5694542822279365e-01  -7.5843028793701389e-02
   8.4119193814948701e-01  -2.0190324555371650e-01
   2.5737343364052656e-01   9.2082505655900770e-01
   3.5737343364052654e-01   9.2082505655900770e-01
   4.0765221226540349e-01   8.3823583679869929e-01
   2.7898115291880510e-01   7.6929295755684590e-01
  -5.3008909918334124e-01  -3.1573347321623524e-01
  -6.5635039365442727e-01  -4.1131805031898122e-01
  -6.7336047905391871e-01  -2.6376582883200722e-01
  -5.7689964301710717e-01  -2.2588823394940141e-01
  -7.0686931397226460e-01  -3.4429776404420254e-01
   9.2908622622333048e-01   5.4484372255385571e-01
   9.2908622622333048e-01   4.4484372255385574e-01
   7.7262743558346925e-01   4.8854031049301766e-01
   8.3002423625281319e-01   3.9813684319165843e-01
   8.2879932292524328e-01   5.7293076640977858e-01
   5.4330533849364615e-01  -9.3040783136477812e-01
   4.4330533849364617e-01  -9.3040783136477812e-01
   4.8241240889247550e-01  -7.7820056947661542e-01
   3.9538367345413594e-01  -8.3365110803761522e-01
   5.6907120026578795e-01  -8.3055990394121393e-01
   3.5397854734358664e-01  -1.4377656336386410e-01
   2.3556893272383761e-01  -2.0935375134513068e-01
   3.9481479767536909e-01  -2.5968886721465595e-01
  -8.2646523578669062e-01  -9.0854240708768463e-01
  -9.2646523578669049e-01  -8.0854240708768466e-01
  -8.8305503619796100e-01  -8.6053180553673703e-01
  -7.7115681024269322e-01  -8.2137693770155340e-01
  -8.2665581213443395e-01  -7.3764494778961076e-01
   8.2655593250526938e-01   9.0844739541338004e-01
   9.2655593250526924e-01   8.0844739541338007e-01
   8.8317865138716067e-01   8.6040172304314610e-01
   7.7198773874131921e-01   8.2216067867789255e-01
   8.2626902920718215e-01   7.3653443926930295e-01
   9.0762345396027744e-01  -8.2648101652208861e-01
   8.0762345396027735e-01  -9.2648101652208870e-01
   8.5939501978559663e-01  -8.8307294530182401e-01
   8.1900225317226816e-01  -7.7094604645668674e-01
   7.3338931573241917e-01  -8.2663308909852451e-01
  -4.2348472186684277e-02   4.9599223030699413e-01
  -1.9168992038620802e-01   5.5937066733360463e-01
  -1.1575907099757557e-01   3.8275604507912442e-01
   1.4212241391987307e-01  -9.1332832550461962e-01
   4.2122413919873099e-02  -9.1332832550461962e-01
   2.2088323049768391e-02  -7.4836563862914440e-01
   1.9420074888036284e-01  -8.1657160217745672e-01
   1.1808843212452450e-01  -7.3155850841258641e-01
  -1.2295973500104765e-02  -8.3464391473616439e-01
   9.1250036543321622e-01   1.4203184060929733e-01
   9.1250036543321622e-01   4.2031840609297350e-02
   7.4803042421111576e-01   2.0769908359368646e-02
   8.1343837546269893e-01   1.9532496124710008e-01
   7.2729596955171971e-01   1.1706140665760648e-01
   8.3391573487811033e-01  -1.2549255934475340e-02
  -2.9121063689035120e-02  -7.6753467275967255e-02
  -4.5305611561091336e-02  -2.7573408645385977e-01
   5.2841004057377315e-02  -1.8987948861856280e-01
  -1.4268959307965715e-01  -1.7598512465313365e-01
   4.6097321574204891e-01   1.6744218543446682e-01
   4.2208060648084983e-01   2.7665193533853022e-03
   5.4376613759258274e-01   1.1237024617459064e-01
   1.7564886038771388e-01  -4.7576741716033005e-01
   2.1238382428466002e-02  -4.1774538480256374e-01
   1.2065055786456454e-01  -5.4996962112107073e-01
   4.6186564105558492e-01   3.6951007138156566e-01
   5.7340416814775408e-01   4.8310515401254228e-01
   5.2534446990519712e-01   5.6968332704590141e-01
   3.7509612054257013e-01   4.7852236403737164e-01
  -4.3611242481866574e-01   4.8866039093412061e-01
  -5.3305750921648687e-01   6.1711089648631945e-01
  -3.4414496375104930e-01   6.1273786355958682e-01
  -4.2896275760987790e-01   6.7001868240424201e-01
  -5.0509582987505752e-01   5.2676594966194434e-01
   3.5770639444455943e-01  -4.8925558855079643e-01
   5.5063404026955343e-01  -4.2809132400148459e-01
   4.6584914411558798e-01  -5.9302034771540768e-01
   4.6068839705531173e-01  -3.9571407422725841e-01
   5.5000535979582754e-01  -5.3984623701872037e-01
  -4.7359458095376072e-01  -3.9062599484225269e-01
  -4.3678951574557612e-01  -5.6127266260975794e-01
  -5.9985587542484686e-01  -4.8621057194499862e-01
  -4.0680619565816845e-01  -4.5534277149259084e-01
  -5.4830984284467854e-01  -5.6548232330037573e-01
  -5.6112138532572176e-01  -4.0160162466895766e-01
   4.5266799622689663e-01   7.5836610049925257e-01
   3.2399693688029824e-01   6.8942322125739919e-01
   4.9787072871960147e-01   6.7123008123208194e-01
   3.5976265124254625e-01   7.6178037681856869e-01
   4.3225217638963498e-01   5.8036388633294134e-01
   5.3662689056577872e-01   2.9845178742612799e-01
   6.4816541765794788e-01   4.1204687005710461e-01
   7.0556221832729182e-01   3.2164340275574538e-01
   6.1941981241631261e-01   2.4337984816625177e-01
   5.3448716708542443e-01   4.0775884819132302e-01
  -3.2818556976879376e-01   9.2221806609795132e-01
  -2.2818556976879370e-01   9.2221806609795132e-01
  -2.5410603696569961e-01   7.4758598029622136e-01
  -3.3892383082452815e-01   8.0486679914087655e-01
  -3.3100964570484992e-01   2.6222236725659404e-02
  -2.9604412730695046e-01  -1.1469692033641291e-01
  -4.4330567979639363e-01  -9.0973617975610516e-02
  -3.5316895390068942e-01   3.5416994733158169e-01
  -2.9107668278407950e-01   2.0754167803211654e-01
  -1.8527064344444052e-01   3.0163279770256768e-01
  -3.6917725489700615e-01   2.6284821970395111e-01
  -2.0105047882546923e-01   3.8688225889411254e-01
   1.3694652936274690e-03   1.1119909891241386e-01
   9.2357852864162537e-02   2.2980226793721786e-01
  -4.1358543155255049e-02   2.4697771826777093e-01
   9.0080628540279678e-02   1.3737093971155256e-01
  -9.9094839959681616e-02   3.1256137894159104e-03
  -2.4762888774820310e-01   4.4813113474321820e-02
  -2.1266336935030367e-01  -9.6106043587750489e-02
  -1.1369268492993490e-01  -9.9577198663416799e-02
  -2.6704721915722818e-01  -3.8288994346696054e-02
  -6.2126506467125997e-01   1.6131828961659656e-01
  -6.6170034447366455e-01   3.0860806840883503e-01
  -7.0113091630408630e-01   2.1718952621219731e-01
  -5.4620443508319239e-01   2.3130150313088127e-01
  -1.6158596356640209e-01   9.4120361472482528e-01
  -6.1585963566402113e-02   9.4120361472482528e-01
  -7.0318890862734462e-02   8.4215307837584108e-01
  -1.8977153333519584e-01   8.6342168082277670e-01
   4.5403801659431242e-01  -6.5237743374227247e-02
   5.9645800236544133e-01  -5.1925514851259735e-02
   5.5169731847095926e-01  -1.2584031794049838e-01
   4.8989847706162115e-01   6.6770975249504823e-03
  -4.9424805831457828e-02  -4.4433996589674551e-01
  -4.6012739470115388e-02  -5.9337133243181051e-01
  -1.2032853850827643e-01  -5.4437865598704382e-01
   1.8705891059902464e-02  -4.9007345752038967e-01
  -9.2930628496505707e-01  -5.5129108990785136e-01
  -9.2930628496505707e-01  -4.5129108990785133e-01
  -7.7684872684183337e-01  -4.9925458870536243e-01
  -8.2949686131280054e-01  -5.8039363060977744e-01
  -8.2736764715967070e-01  -4.3223430243058369e-01
  -9.2931909627326381e-01   2.6814187923144217e-01
  -9.2931909627326381e-01   3.6814187923144215e-01
  -7.7871123492457495e-01   3.5541715845456912e-01
  -8.1814180675499670e-01   2.6399861625793142e-01
  -8.3702910843389378e-01   4.2527454880473659e-01
   6.9288040023509315e-02   9.1822243178504581e-01
   1.6928804002350928e-01   9.1822243178504581e-01
   1.9089575930178787e-01   7.6669033278288390e-01
   6.0555112727176959e-02   8.1917189543606161e-01
   2.2666147366403588e-01   8.3904748834405352e-01
  -6.9128535253573697e-01   5.9567971595791372e-02
  -7.7115120416856331e-01   1.1543920819139211e-01
  -8.0710380739183063e-01  -2.3275589055795545e-02
   3.8758255225699600e-01   3.0344282226535479e-01
   2.3930664820017050e-01   3.0491915857040619e-01
   3.0081303174398122e-01   4.1245511492116071e-01
   3.8544282877664165e-01   4.1274988303054982e-01
   1.0967501267621847e-01   4.7345452948226519e-01
   1.6998080988474476e-01   3.4304289392384235e-01
   2.3148719342855550e-01   4.5057885027459688e-01
   2.4183390166262697e-01   3.8480636926777506e-01
  -3.7683881319583035e-01  -2.9324494296299825e-01
  -3.1005042790023807e-01  -3.5796171961333639e-01
  -2.7638780454015321e-01  -2.2712300605696678e-01
   4.2536097201999121e-02  -2.2578131397511518e-02
   1.2449816494841155e-01  -1.3570415274010705e-01
   1.3124726044865132e-01   3.5937094016271764e-03
   2.7938252231745848e-02  -1.2528094385034422e-01
   6.8107416797934583e-02   6.0126650969956930e-01
   1.6629415507359527e-01   6.8774493352574784e-01
   3.5953508498984363e-02   7.4022649617892555e-01
   1.1397447581882603e-01   7.5749946431295545e-01
  -9.3921534353125202e-01   3.4396877418435126e-02
  -9.3921534353125202e-01   1.3439687741843509e-01
  -8.2803805401298491e-01   1.3025361444492434e-01
  -8.6399065723625235e-01  -8.4611828022633090e-03
  -8.2154383721808233e-01   5.3979348583338013e-02
  -5.7677861361613902e-01   9.2799676087142013e-01
  -4.7677861361613905e-01   9.2799676087142013e-01
  -5.9161162627848252e-01   7.5773770799642270e-01
  -4.8751687467187349e-01   8.1064549391434526e-01
  -6.3465814856289660e-01   8.5388848462768918e-01
   6.8260181361081029e-01  -2.8340220628738388e-01
   6.9423990583591499e-01  -1.2180042413939836e-01
   7.7848641576260835e-01  -2.4786064089941345e-01
   6.4947922194143293e-01  -1.9571522722863702e-01
   7.8012521650290967e-01  -1.5511958843324236e-01
  -2.8498233938733514e-01  -6.8056826428570627e-01
  -1.2054034805993430e-01  -6.9257998794796061e-01
  -2.4808378443199602e-01  -7.7714404193692466e-01
  -1.9485614709809534e-01  -6.4358731150319382e-01
  -1.5492464460980745e-01  -7.7885826405498049e-01
  -9.3757362492968910e-01  -3.2475893965820013e-01
  -9.3757362492968910e-01  -2.2475893965820007e-01
  -8.0212615220595673e-01  -2.2517021696873718e-01
  -8.3563498712430262e-01  -3.0570215218093250e-01
  -8.6234893863468942e-01  -1.6761699987889853e-01
  -9.5667459127881616e-01  -7.5912138969249487e-01
  -9.5667459127881616e-01  -6.5912138969249490e-01
  -8.5686516762655951e-01  -6.8822393039442109e-01
  -8.8313982706550664e-01  -7.6766379678017960e-01
   9.5662857803638812e-01   7.5883103942620977e-01
   9.5662857803638812e-01   6.5883103942620980e-01
   8.5634167473830092e-01   6.8691808328213266e-01
   8.8318451054165736e-01   7.6727843483958980e-01
   7.5813148576477807e-01  -9.5672006939967691e-01
   6.5813148576477809e-01  -9.5672006939967691e-01
   6.8389734753691989e-01  -8.5687214197611272e-01
   7.6575493972505548e-01  -8.8320108592176561e-01
  -6.5482647188191367e-01   5.8368227379621063e-01
  -6.8938559787088138e-01   4.4121660589433487e-01
  -7.4770347138020021e-01   5.1107399624450234e-01
  -6.2686479254048433e-01   4.9333732697183552e-01
   3.0219957994246693e-01  -4.2824113471594488e-01
   4.0518158255321918e-01  -3.3469962039240686e-01
   3.3210373355148226e-01  -2.9341555835968669e-01
   3.9797733293142490e-01  -4.2944076537228915e-01
   2.9591964596962550e-01  -5.5599971495107980e-01
   4.0406239564065405e-01  -6.5976447411569117e-01
   3.1703366020231449e-01  -7.1521501267669074e-01
   2.4092134344647614e-01  -6.3020191891182054e-01
   3.9169739895858346e-01  -5.5719934560742412e-01
  -1.0467183003626583e-02   5.8624346366755153e-01
  -1.5980863120315034e-01   6.4962190069416192e-01
  -4.2621091302576797e-02   7.2520345014690779e-01
  -9.9657617195546583e-02   5.5825673963122657e-01
   1.0798271789072278e-02   6.6353101902380174e-01
  -7.8883974489563330e-02   8.9538092832037910e-02
  -2.2741802227808483e-01   1.3122559251694382e-01
  -1.2161198293844586e-01   2.2531671218739496e-01
  -2.0690339076633951e-01   2.2944292600238309e-01
  -6.2991290477154016e-02   1.7478784656758634e-01
  -1.6345559573046309e-01   6.6714361444588366e-02
  -4.9800806344524795e-01   3.7371247266307500e-01
  -6.2951227383203678e-01   3.5969731031339813e-01
  -5.1401636444156462e-01   2.8239074503544442e-01
  -5.6699146850163973e-01   4.1181803139089879e-01
  -5.9242834100307895e-01   2.9375482027597932e-01
   3.8868228520187564e-01   2.1822174904501296e-01
   2.4040638114505014e-01   2.1969808535006435e-01
   2.3812915682116731e-01   1.2726675712439908e-01
   3.8565013640798529e-01   1.2546092386310917e-01
   3.1225947292293238e-01   2.6146156069399712e-01
  -3.7048634220744991e-01   4.4226119707101552e-01
  -2.7851888113983347e-01   5.6633866969648172e-01
  -2.1836786713222972e-01   4.7497350863354637e-01
  -3.7082291049707100e-01   5.2834070485952855e-01
  -2.8787943957909468e-01   3.9385026125698963e-01
  -5.3722750758282789e-01   6.3114219356660603e-02
  -3.8406630588183366e-01   7.7790891199110757e-02
  -4.9636233997337736e-01  -3.9404963502159163e-02
  -4.6216687799476031e-01   1.3309743287094533e-01
  -4.0348463729085871e-01  -5.3112166219071132e-03
  -1.1606666264024439e-01  -3.4314100960161520e-01
  -2.4711326751889509e-01  -3.7423076135725875e-01
  -2.1345064415881021e-01  -2.4339204780088911e-01
  -1.1447995973844144e-01  -2.4686320287655542e-01
  -2.4817817119893748e-01  -2.9800108428038852e-01
   1.1895839144816640e-02  -3.4214981433644520e-01
   1.1004245476328529e-01  -2.5629521650114823e-01
   1.3482542046619590e-02  -2.4587200761138539e-01
   8.0026536036176932e-02  -3.8788330596008935e-01
  -4.0952609951970076e-01  -2.4607055926780894e-01
  -3.0907509086402363e-01  -1.7994862236177747e-01
  -4.5633664335346680e-01  -1.5622532000097508e-01
  -3.6345894067094814e-01  -1.2213157312072304e-01
  -3.4380261790415090e-01  -2.3455765884127691e-01
   3.7679544520570041e-02   4.4306828849607793e-01
   9.7985341729096329e-02   3.1265665293765510e-01
  -3.5731054290321258e-02   3.2983210326820817e-01
  -5.1510889671349952e-02   4.1508156445975297e-01
   2.2889638170970575e-02   2.7930323764839954e-01
   1.0051259519155280e-01   3.9254386363502403e-01
  -6.5871644228605630e-01   1.0778228762084809e-02
  -7.1431211071341738e-01  -1.2961854897934078e-01
  -6.1785127467660583e-01  -9.1740954096734953e-02
  -7.7453489714215018e-01  -7.2065331889502107e-02
  -7.3208807712398005e-01  -9.6248005039007781e-03
   3.1294959362393859e-01  -7.1973599687004897e-02
   1.9453997900418954e-01  -1.3755078766827147e-01
   2.0128907450442932e-01   1.7470744734627494e-03
   2.8070799495398413e-01  -1.4660184150507657e-01
   1.6963722717855806e-01  -7.2952242900052922e-02
   1.1999245263027832e-01   5.4380549557649216e-01
   2.1817919090593901e-01   6.3028391940267070e-01
   2.4180463338261532e-01   5.2092981636882385e-01
   1.8282550330126107e-01   4.9328107071543814e-01
   1.4125790742297717e-01   6.2109305093274225e-01
   2.8071848693921136e-01   6.3846618102097885e-01
   3.0434392941588773e-01   5.2911207798713211e-01
   3.8897372644854811e-01   5.2940684609652111e-01
   3.6149998526295246e-01   6.3095360028270175e-01
   2.5568223928859329e-01   5.7181429842797327e-01
   2.3398482207515053e-01  -4.1504559938991059e-01
   1.7772095973437133e-01  -2.7116896919684730e-01
   2.6388897568416592e-01  -2.8022002303365240e-01
   1.4770504100726295e-01  -4.0275705865578848e-01
   2.7425576056201600e-01  -3.5523077621140331e-01
   1.3836249772361359e-01  -3.2716148818966995e-01
   4.2143590716790347e-01  -1.1879807741132783e-01
   4.6227215749968598e-01  -2.3471038126211968e-01
   5.1909520904455031e-01  -1.7940065197759897e-01
   3.8919430849794900e-01  -1.9342631922939951e-01
   4.8925377774867485e-01  -1.1488749923976266e-01
  -1.0194171282376188e-01  -4.0725484303081672e-01
  -2.3298831770241257e-01  -4.3834459478646026e-01
  -1.7284544550058048e-01  -5.0729353312111503e-01
  -1.0447420419232542e-01  -4.7958291574864265e-01
  -1.7111606100111199e-01  -3.7838395945351239e-01
   6.2123858358026429e-01  -6.1916959312417023e-03
   6.0050412892086813e-01   9.0099802366996135e-02
   5.1467905827644400e-01   5.2410916444968515e-02
   5.4663646838990665e-01  -1.5593346282644031e-02
  -1.7601526567263409e-03  -6.2144341914439460e-01
   9.4239956418029763e-02  -6.0463628892783661e-01
   6.2958477873291507e-02  -5.1814554423297376e-01
  -7.7047103866323165e-03  -5.4474012532715554e-01
  -1.9747437711337065e-01   7.0827673132262436e-01
  -8.0286837212797113e-02   7.8385828077537023e-01
  -1.9973947968525849e-01   8.0512688322230574e-01
  -1.3313987348286688e-01   8.2411243184917971e-01
  -1.0544207392270921e-01   7.0716280362024642e-01
   3.4952488235009788e-01  -1.6500942822010811e-02
   2.3786436323058863e-01   5.7219731338456828e-02
   3.8538534281740661e-01   5.5413898077166915e-02
   3.1309441227723334e-01   1.0619346168771306e-01
   2.7625432996049537e-01  -1.9326220963223277e-02
Triangles
5 178 228
6 179 318
147 517 516
7 437 181
9 182 463
9 484 183
11 184 346
12 185 237
14 188 226
52 235 234
2 187 224
13 372 225
15 189 541
16 190 355
73 240 239
19 193 342
20 194 287
83 270 269
23 198 223
51 233 232
3 197 221
22 377 222
24 199 545
25 200 360
74 243 242
28 203 338
29 204 291
82 266 265
32 208 220
50 231 230
4 207 218
31 367 219
33 209 537
34 210 475
35 211 532
21 270 232
37 213 512
38 214 480
108 345 488
38 312 215
36 212 329
99 312 483
26 385 202
93 290 340
17 391 192
92 286 344
90 280 519
1 217 227
40 216 252
40 252 229
30 266 230
96 300 505
52 234 238
132 456 453
41 566 453
46 411 325
91 283 513
125 424 421
74 242 362
121 404 635
73 239 357
63 236 347
87 273 464
88 274 403
94 294 603
83 269 289
93 293 291
89 277 406
84 602 502
62 350 323
112 365 634
122 407 436
97 303 425
57 417 308
100 317 319
123 411 585
81 262 546
98 310 307
120 401 580
80 258 542
79 255 538
97 305 302
157 564 561
53 606 496
124 416 560
121 405 473
73 241 434
120 402 469
145 507 626
95 297 574
71 607 450
91 284 460
94 295 614
90 281 414
95 298 590
101 322 478
74 244 558
132 457 455
135 466 642
128 439 658
114 373 374
166 609 608
80 260 358
168 617 665
81 264 363
119 398 599
62 423 350
75 246 336
76 247 333
168 620 617
63 250 238
77 250 429
99 316 313
102 326 551
113 368 369
58 303 268
80 261 260
77 261 248
115 378 379
57 308 272
105 334 529
109 352 351
104 331 524
89 279 559
136 470 646
75 593 501
130 447 445
131 452 450
88 276 435
126 430 428
90 282 440
126 428 630
104 332 468
18 392 341
105 335 472
117 390 386
78 254 321
116 383 584
102 327 575
103 328 535
118 395 393
57 272 288
117 389 387
58 268 292
103 330 615
130 445 569
47 245 500
66 282 413
119 399 506
141 495 494
79 305 257
82 306 267
81 310 264
83 311 271
91 285 482
99 314 316
78 321 253
59 518 320
94 352 294
79 257 477
68 285 459
99 315 550
56 284 489
101 324 534
112 366 641
107 343 525
163 593 647
106 339 530
74 388 243
58 292 526
17 240 391
57 288 521
122 409 431
169 625 624
58 246 422
101 353 324
61 241 356
15 258 354
60 244 361
24 262 359
124 419 555
70 618 504
31 231 367
50 256 370
13 235 372
52 259 375
22 233 377
51 263 380
158 570 568
145 509 565
74 279 388
117 387 390
73 276 394
118 393 396
112 634 554
119 456 400
135 467 651
160 581 578
76 366 553
136 471 655
122 408 409
169 624 631
123 412 415
130 448 586
124 417 419
98 420 309
97 425 304
109 426 349
63 347 427
122 629 410
49 274 432
61 408 433
157 563 660
7 280 437
129 441 591
56 295 587
95 447 297
116 448 384
116 609 382
96 452 300
132 454 457
130 569 446
56 298 458
133 461 576
66 383 562
8 438 462
76 333 639
65 275 648
75 336 644
64 278 652
33 255 474
62 323 476
37 283 479
99 483 315
139 484 487
108 488 348
69 296 613
91 513 490
71 301 578
49 407 492
142 499 498
71 493 497
119 400 595
129 443 604
160 579 664
41 397 503
145 510 509
72 486 508
36 329 511
146 514 515
59 281 518
6 318 516
65 332 522
92 344 523
64 335 527
93 340 528
34 322 531
69 330 533
113 371 539
32 368 536
114 376 543
14 373 540
115 381 547
23 378 544
59 314 548
68 327 549
121 635 600
48 416 552
48 277 556
60 418 557
134 465 659
157 561 565
158 566 570
67 454 567
46 325 572
68 459 573
54 402 661
49 492 577
66 413 583
46 444 582
67 299 588
94 443 589
119 595 398
163 594 596
70 399 598
55 405 597
84 442 602
165 601 605
131 610 451
166 607 611
103 615 491
167 612 616
70 365 618
168 619 621
53 496 622
72 508 623
122 431 629
72 623 627
171 632 636
171 633 637
54 364 638
104 468 640
105 472 645
55 592 643
88 403 649
120 469 650
89 406 653
121 473 654
87 464 657
66 562 656
120 580 663
96 619 662
1 227 178
5 317 179
7 180 517
128 438 437
8 462 182
139 485 484
10 345 184
11 236 185
2 224 188
13 186 235
13 225 187
114 374 372
14 540 189
15 354 190
17 191 240
18 341 193
19 286 194
21 195 270
3 221 198
22 196 233
22 222 197
115 379 377
23 544 199
24 359 200
26 201 243
27 337 203
28 290 204
30 205 266
4 218 208
31 206 231
31 219 207
113 369 367
32 536 209
33 474 210
34 531 211
83 271 270
36 511 213
37 479 214
10 485 345
99 313 312
35 328 212
38 480 312
117 386 385
28 338 290
118 392 391
19 342 286
7 517 280
40 229 217
39 251 216
78 253 252
82 267 266
41 503 300
12 237 234
119 397 456
158 571 566
123 415 411
37 512 283
75 245 424
25 360 242
48 632 404
16 355 239
11 346 236
9 463 273
49 401 274
47 601 294
20 287 269
82 265 293
48 404 277
165 605 602
109 353 350
70 633 365
49 432 407
58 422 303
124 420 417
5 228 317
46 582 411
24 545 262
81 263 310
49 577 401
15 541 258
33 537 255
79 256 305
116 382 564
166 611 606
48 556 416
55 470 405
61 433 241
54 466 402
53 622 507
46 572 297
166 610 607
56 458 284
56 612 295
59 412 281
56 587 298
34 475 322
60 557 244
129 442 457
54 638 466
66 656 439
14 226 373
116 384 609
61 356 260
54 661 617
60 361 264
55 597 398
125 426 423
58 334 246
57 331 247
112 364 620
77 248 250
63 427 250
78 251 316
59 548 326
32 220 368
97 306 303
77 249 261
80 259 261
23 223 378
98 311 308
58 526 334
94 296 352
57 521 331
74 558 279
55 643 470
163 596 593
95 299 447
96 301 452
73 434 276
108 348 430
66 439 282
72 627 428
65 467 332
118 396 392
64 471 335
106 337 390
59 320 254
66 583 383
68 573 327
35 532 328
88 275 395
83 289 272
89 278 389
82 293 268
69 613 330
67 567 445
75 501 245
90 414 282
70 504 399
122 410 495
97 304 305
97 302 306
98 309 310
98 307 311
68 481 285
59 254 314
100 319 321
147 520 518
109 349 352
62 476 257
91 460 285
68 549 315
91 490 284
69 533 324
76 639 366
65 522 343
75 644 593
64 527 339
117 385 388
93 528 292
73 394 240
92 523 288
77 429 409
142 498 625
75 424 246
109 351 353
73 357 241
80 358 258
74 362 244
81 363 262
76 553 419
168 621 618
50 370 231
79 371 256
52 375 235
80 376 259
51 380 233
81 381 263
131 451 570
87 563 509
89 389 279
64 339 387
88 395 276
65 343 393
171 636 634
132 455 456
65 648 467
141 493 581
112 554 366
64 652 471
61 249 408
86 628 624
59 326 412
116 584 448
57 247 417
124 418 420
125 423 425
125 421 426
108 430 347
170 628 629
88 435 274
122 436 408
87 657 563
90 440 280
67 588 441
94 589 295
130 444 447
130 446 448
166 606 609
131 449 452
67 441 454
158 568 569
95 461 298
95 574 461
116 564 383
128 465 438
104 640 333
88 649 275
105 645 336
89 653 278
79 477 255
101 478 323
91 482 283
138 481 483
9 273 484
139 486 488
94 614 296
146 515 513
96 579 301
122 495 407
141 494 499
141 499 493
84 594 400
94 603 443
96 662 579
119 506 397
139 487 510
139 510 486
103 514 329
103 491 514
90 519 281
100 520 318
104 524 332
107 525 344
105 529 335
106 530 340
101 534 322
103 535 330
79 538 371
113 539 368
80 542 376
114 543 373
81 546 381
115 547 378
99 550 314
102 551 327
171 637 635
124 555 416
89 559 277
124 560 418
128 658 465
53 507 561
41 449 566
132 571 454
102 575 325
133 576 459
120 663 402
141 581 492
123 585 413
130 586 444
95 590 299
129 591 443
163 592 595
84 502 594
119 599 399
121 600 405
129 604 442
47 500 601
166 608 610
71 497 607
167 616 615
56 489 612
112 620 365
96 505 619
142 625 496
145 626 508
126 630 431
169 631 623
48 552 632
70 598 633
112 641 364
135 642 468
136 646 472
163 647 592
120 650 403
135 651 469
121 654 406
136 655 473
134 659 464
157 660 562
160 664 580
168 665 619
45 228 227
100 318 317
6 516 180
8 181 438
134 463 462
10 183 485
108 346 345
63 237 236
44 226 224
12 234 186
44 224 225
44 225 374
152 541 540
110 355 354
16 239 191
107 342 341
92 287 286
20 269 195
43 223 221
21 232 196
43 221 222
43 222 379
153 545 544
111 360 359
25 242 201
106 338 337
93 291 290
29 265 205
42 220 218
30 230 206
42 218 219
42 219 369
151 537 536
137 475 474
150 532 531
51 232 271
146 512 511
138 480 479
139 488 485
39 215 313
103 329 328
138 483 480
27 202 386
106 340 338
18 192 392
107 344 342
147 519 517
45 227 229
78 252 251
45 229 253
50 230 267
144 505 503
63 238 237
41 453 397
132 453 571
102 325 415
146 513 512
47 421 245
111 362 360
171 635 632
110 357 355
108 347 346
134 464 463
120 403 401
165 603 601
92 289 287
29 291 265
121 406 404
143 502 605
101 323 353
171 634 633
127 436 432
125 425 422
98 308 420
45 319 228
161 585 582
153 546 545
51 307 263
160 580 577
152 542 541
151 538 537
50 302 256
53 561 382
142 496 611
156 560 556
136 473 470
127 434 433
135 469 466
169 626 622
159 574 572
131 450 610
133 460 458
167 614 612
123 414 412
162 590 587
137 478 475
156 558 557
84 455 442
172 642 638
176 658 656
44 374 226
85 608 384
110 358 356
177 665 661
111 363 361
164 599 597
109 350 426
105 336 334
104 333 331
54 617 364
52 238 248
126 429 427
39 313 251
154 551 548
42 369 220
82 268 306
61 260 249
52 248 259
43 379 223
83 272 311
149 529 526
69 351 296
148 524 521
156 559 558
173 646 643
143 501 596
67 445 299
71 450 301
127 435 434
72 428 348
128 440 439
170 630 627
135 468 467
107 341 396
136 472 471
27 386 337
100 321 320
161 584 583
159 575 573
150 535 532
65 393 275
92 288 289
64 387 278
93 292 293
167 615 613
158 569 567
143 500 501
123 413 414
144 506 504
86 494 410
62 257 304
50 267 302
60 264 309
51 271 307
138 482 481
78 316 254
45 253 319
100 320 520
47 294 349
137 477 476
133 459 460
154 550 549
140 489 490
150 534 533
172 641 639
148 525 522
173 647 644
149 530 527
26 243 385
149 526 528
118 391 394
148 521 523
126 431 429
86 624 498
125 422 424
69 324 351
110 356 357
110 354 358
111 361 362
111 359 363
155 555 553
144 504 621
113 367 370
113 370 371
114 372 375
114 375 376
115 377 380
115 380 381
85 568 451
157 565 563
117 388 389
106 390 339
118 394 395
107 396 343
155 554 636
84 400 455
174 651 648
71 578 493
155 553 554
175 655 652
77 409 249
170 631 628
102 415 326
161 586 584
76 419 247
60 309 418
62 304 423
47 349 421
126 427 430
86 410 628
127 432 435
127 433 436
176 660 657
128 437 440
162 591 588
162 587 589
46 297 444
85 384 446
53 382 606
41 300 449
129 457 441
85 446 568
133 458 461
159 576 574
157 562 564
134 462 465
172 639 640
174 648 649
173 644 645
175 652 653
137 474 477
137 476 478
138 479 482
68 315 481
87 487 273
72 348 486
167 613 614
140 490 515
160 578 579
141 492 495
86 498 494
142 497 499
163 595 594
165 604 603
177 664 662
144 503 506
87 509 487
145 508 510
146 511 514
140 515 491
147 518 519
147 516 520
148 522 524
148 523 525
149 527 529
149 528 530
150 531 534
150 533 535
151 539 538
151 536 539
152 543 542
152 540 543
153 547 546
153 544 547
154 548 550
154 549 551
164 600 637
155 552 555
156 556 559
156 557 560
176 659 658
145 565 507
131 570 449
158 567 571
159 572 575
159 573 576
177 661 663
160 577 581
161 583 585
161 582 586
162 588 590
162 589 591
55 398 592
143 596 502
164 598 599
164 597 600
165 602 604
143 605 500
85 451 608
142 611 497
140 491 616
140 616 489
168 618 620
144 621 505
169 622 625
169 623 626
170 629 630
170 627 631
155 636 552
164 637 598
172 638 641
172 640 642
173 645 646
173 643 647
174 649 650
174 650 651
175 653 654
175 654 655
176 657 659
176 656 660
177 663 664
177 662 665
227 228 178
317 318 179
180 516 517
438 181 437
462 463 182
485 183 484
345 346 184
236 237 185
224 226 188
186 234 235
225 224 187
374 225 372
540 541 189
354 355 190
191 239 240
341 342 193
286 287 194
195 269 270
221 223 198
196 232 233
222 221 197
379 222 377
544 545 199
359 360 200
201 242 243
337 338 203
290 291 204
205 265 266
218 220 208
206 230 231
219 218 207
369 219 367
536 537 209
474 475 210
531 532 211
271 232 270
511 512 213
479 480 214
485 488 345
313 215 312
328 329 212
480 483 312
386 202 385
338 340 290
392 192 391
342 344 286
517 519 280
229 227 217
251 252 216
253 229 252
267 230 266
503 505 300
237 238 234
397 453 456
571 453 566
415 325 411
512 513 283
245 421 424
360 362 242
632 635 404
355 357 239
346 347 236
463 464 273
401 403 274
601 603 294
287 289 269
265 291 293
404 406 277
605 502 602
353 323 350
633 634 365
432 436 407
422 425 303
420 308 417
228 319 317
582 585 411
545 546 262
263 307 310
577 580 401
541 542 258
537 538 255
256 302 305
382 561 564
611 496 606
556 560 416
470 473 405
433 434 241
466 469 402
622 626 507
572 574 297
610 450 607
458 460 284
612 614 295
412 414 281
587 590 298
475 478 322
557 558 244
442 455 457
638 642 466
656 658 439
226 374 373
384 608 609
356 358 260
661 665 617
361 363 264
597 599 398
426 350 423
334 336 246
331 333 247
364 617 620
248 238 250
427 429 250
251 313 316
548 551 326
220 369 368
306 268 303
249 260 261
259 248 261
223 379 378
311 272 308
526 529 334
296 351 352
521 524 331
558 559 279
643 646 470
596 501 593
299 445 447
301 450 452
434 435 276
348 428 430
439 440 282
627 630 428
467 468 332
396 341 392
471 472 335
337 386 390
320 321 254
583 584 383
573 575 327
532 535 328
275 393 395
289 288 272
278 387 389
293 292 268
613 615 330
567 569 445
501 500 245
414 413 282
504 506 399
410 494 495
304 257 305
302 267 306
309 264 310
307 271 311
481 482 285
254 316 314
319 253 321
520 320 518
349 294 352
476 477 257
460 459 285
549 550 315
490 489 284
533 534 324
639 641 366
522 525 343
644 647 593
527 530 339
385 243 388
528 526 292
394 391 240
523 521 288
429 431 409
498 624 625
424 422 246
351 324 353
357 356 241
358 354 258
362 361 244
363 359 262
553 555 419
621 504 618
370 367 231
371 370 256
375 372 235
376 375 259
380 377 233
381 380 263
451 568 570
563 565 509
389 388 279
339 390 387
395 394 276
343 396 393
636 554 634
455 400 456
648 651 467
493 578 581
554 553 366
652 655 471
249 409 408
628 631 624
326 415 412
584 586 448
247 419 417
418 309 420
423 304 425
421 349 426
430 427 347
628 410 629
435 432 274
436 433 408
657 660 563
440 437 280
588 591 441
589 587 295
444 297 447
446 384 448
606 382 609
449 300 452
441 457 454
568 446 569
461 458 298
574 576 461
564 562 383
465 462 438
640 639 333
649 648 275
645 644 336
653 652 278
477 474 255
478 476 323
482 479 283
481 315 483
273 487 484
486 348 488
614 613 296
515 490 513
579 578 301
495 492 407
494 498 499
499 497 493
594 595 400
603 604 443
662 664 579
506 503 397
487 509 510
510 508 486
514 511 329
491 515 514
519 518 281
520 516 318
524 522 332
525 523 344
529 527 335
530 528 340
534 531 322
535 533 330
538 539 371
539 536 368
542 543 376
543 540 373
546 547 381
547 544 378
550 548 314
551 549 327
637 600 635
555 552 416
559 556 277
560 557 418
658 659 465
507 565 561
449 570 566
571 567 454
575 572 325
576 573 459
663 661 402
581 577 492
585 583 413
586 582 444
590 588 299
591 589 443
592 398 595
502 596 594
599 598 399
600 597 405
604 602 442
500 605 601
608 451 610
497 611 607
616 491 615
489 616 612
620 618 365
505 621 619
625 622 496
626 623 508
630 629 431
631 627 623
552 636 632
598 637 633
641 638 364
642 640 468
646 645 472
647 643 592
650 649 403
651 650 469
654 653 406
655 654 473
659 657 464
660 656 562
664 663 580
665 662 619
EndTriangles
